1520	51065
1527	4375
1541	4942
1574	59862
1575	373087
1576	25545
1581	32902
1584	371043
1586	198896
1588	24014
1592	252446
1593	13252
1596	7000
1602	3270
1603	177153
1604	5235
1608	4360
1611	45813
1612	39459
1613	10393
1614	13852
1618	57201
1620	82372
1621	6175
1627	8946
1630	73117
1631	410008
1632	41883
1634	93644
1635	202712
1637	382972
1638	117925
1639	28011
1640	52377
1641	8423
1642	282234
1643	5399
1644	542047
1647	250491
1648	376056
1649	187848
1651	547438
1653	46417
1654	15526
1658	85722
1659	12435
1660	660850
1661	56250
1663	300390
1664	138355
1665	128308
1666	324990
1667	434404
1668	283295
1669	240166
1670	562826
1671	226683
1672	42105
1673	441096
1674	695714
1675	554957
1676	236651
1677	283369
1678	74939
1679	116835
1680	185581
1681	407152
1682	1246702
1683	888067
1684	278467
1685	641186
1686	303422
1687	116251
1688	389174
1689	277806
1690	146096
1692	151766
1693	240596
1694	615169
1695	202944
1696	80483
1697	370253
1698	648103
1699	630029
1700	1138423
1701	1208075
1702	1115861
1703	1716402
1704	721322
1705	1596110
1706	885375
1707	1019526
1708	1207984
1709	324012
1710	1621877
1711	1437877
1712	335401
1713	844801
1714	1839329
1715	1183100
1716	764678
1717	1205150
1718	1496002
1719	1897670
1720	1974546
1721	1580296
1722	1455514
1723	1358258
1724	1729268
1725	2093063
1726	3388410
1727	4176079
1728	3529583
1729	4037699
1730	3838361
1731	4315486
1732	3744686
1733	1364517
1734	2877429
1735	2893669
1736	1861164
1737	2601853
1738	3222680
1739	7278914
1740	3358711
1741	2532685
1742	3868752
1743	4124593
1744	4885778
1745	4200065
1746	2191317
1747	12752121
1748	4413460
1749	5927259
1750	8345379
1751	6475186
1752	5358306
1753	8525156
1754	9034043
1755	8806277
1756	3418358
1757	8056472
1758	7985191
1759	10222974
1760	7220515
1761	4899412
1762	3690436
1763	5153007
1764	5910907
1765	4934223
1766	9368276
1767	8978502
1768	11961626
1769	8670795
1770	11682091
1771	9608591
1772	9390040
1773	8382630
1774	9285388
1775	9168421
1776	10571625
1777	12139534
1778	7767910
1779	9191845
1780	9295673
1781	9257606
1782	8767588
1783	10720763
1784	13285174
1785	12869436
1786	12392875
1787	23252667
1788	25146495
1789	19991885
1790	22966297
1791	22288925
1792	24263398
1793	23620807
1794	24077571
1795	25195399
1796	26833797
1797	20570665
1798	21119558
1799	27396830
1800	43299556
1801	65744426
1802	48913676
1803	68081394
1804	84559848
1805	72433742
1806	90509579
1807	90454536
1808	107080422
1809	106982307
1810	113136199
1811	134390810
1812	128363905
1813	103772607
1814	120953551
1815	118765479
1816	136367142
1817	140950276
1818	146892720
1819	129586245
1820	177423693
1821	148711109
1822	219383866
1823	208664123
1824	251799626
1825	255084469
1826	204787902
1827	215852796
1828	224520103
1829	233985955
1830	299947891
1831	272471050
1832	262806901
1833	259430551
1834	270840622
1835	305591195
1836	318703145
1837	289834235
1838	304289655
1839	361706122
1840	358862682
1841	324020559
1842	300698713
1843	340493620
1844	390676108
1845	378782295
1846	404568940
1847	371541726
1848	408227300
1849	414769810
1850	423834670
1851	454145944
1852	487091165
1853	550979531
1854	588485385
1855	499318662
1856	542642345
1857	499704512
1858	464183114
1859	513320736
1860	525312886
1861	385116945
1862	358180905
1863	348812014
1864	420643688
1865	420732823
1866	456954903
1867	448874508
1868	453011943
1869	498929083
1870	450290388
1871	487335329
1872	501513534
1873	518670833
1874	573463087
1875	599226396
1876	599892771
1877	572204821
1878	537063332
1879	575815928
1880	681941599
1881	685685323
1882	723607042
1883	826809534
1884	780265919
1885	766813907
1886	701259387
1887	765355973
1888	772451373
1889	723227849
1890	755835653
1891	802626904
1892	902759661
1893	842431213
1894	836292330
1895	900998564
1896	963715881
1897	948079446
1898	1008211530
1899	1143153643
1900	1191746867
1901	1199912673
1902	1209098459
1903	1198072809
1904	1314341540
1905	1292713067
1906	1281784038
1907	1313377262
1908	1311875915
1909	1160873116
1910	1196464711
1911	1210484511
1912	1261232762
1913	1211916671
1914	1195302504
1915	1078828921
1916	1071780133
1917	1072843706
1918	944349174
1919	992583411
1920	1253153082
1921	1086311228
1922	1268081738
1923	997428399
1924	905190437
1925	924730384
1926	930276629
1927	1033291663
1928	1011285498
1929	978062274
1930	1046921614
1931	1011194684
1932	893146300
1933	802376112
1934	851207601
1935	969436268
1936	990893253
1937	1015691558
1938	1021343023
1939	1020002234
1940	964759232
1941	902465916
1942	900681297
1943	784714496
1944	707541529
1945	802236678
1946	1054131736
1947	1265270501
1948	1315034343
1949	1431685786
1950	1480117308
1951	1418104976
1952	1479494617
1953	1421806103
1954	1466976280
1955	1546936151
1956	1608020408
1957	1709533771
1958	1782030231
1959	1821871676
1960	2156257508
1961	2298287758
1962	2494687281
1963	2626880213
1964	2446006272
1965	2822299385
1966	2903992412
1967	3098543935
1968	3321822246
1969	3121109139
1970	3223765515
1971	3045406998
1972	3106167708
1973	3012235848
1974	2932809720
1975	3001448442
1976	3096057934
1977	3110396568
1978	3105954787
1979	3252949723
1980	3244549836
1981	3123457629
1982	3274578712
1983	3409912337
1984	3664192074
1985	3678975634
1986	3846863338
1987	3900203452
1988	4068273305
1989	4193154649
1990	4550057005
1991	4368477916
1992	4703510204
1993	4728788060
1994	5088899957
1995	5395715208
1996	5917613883
1997	6056075276
1998	6484010972
1999	6873982394
2000	8159457331
2001	8561284286
2002	9665324135
2003	10927234738
2004	11914237959
2005	11304072519
2006	11840436869
2007	12517580373
2008	13559091155
